"time","inputFlux"
1,3.72007597602084e-44
1.002,7.46278884921452e-45
1.004,1.47805817848554e-45
1.006,2.89016697631261e-46
1.008,5.57950113864506e-47
1.01,1.06342982733361e-47
1.012,2.00107485503337e-48
1.014,3.71756750058395e-49
1.016,6.81860325596283e-50
1.018,1.23473287322709e-50
1.02,2.20745383989237e-51
1.022,3.89629006764723e-52
1.024,6.78972152821322e-53
1.026,1.16813671571787e-53
1.028,1.98415875177748e-54
1.03,3.32736305418291e-55
1.032,5.50890133015395e-56
1.034,9.00473275386977e-57
1.036,1.45317424850061e-57
1.038,2.31529102795115e-58
1.04,3.6419544947444e-59
1.042,5.65593581069417e-60
1.044,8.67192392902457e-61
1.046,1.31270602243136e-61
1.048,1.96182618330449e-62
1.05,2.89464031164814e-63
1.052,4.21667098923058e-64
1.054,6.06437231842788e-65
1.056,8.61079059932616e-66
1.058,1.20709438564854e-66
1.06,1.67063071804121e-67
1.062,2.2827624800127e-68
1.064,3.07951284290947e-69
1.066,4.10151537705466e-70
1.068,5.39321457136415e-71
1.07,7.00151598974663e-72
1.072,8.97382304354162e-73
1.074,1.13554395151563e-73
1.076,1.41863746823663e-74
1.078,1.74976584224843e-75
1.08,2.1307351639103e-76
1.082,2.56165148171266e-77
1.084,3.04054645298449e-78
1.086,3.56306933631909e-79
1.088,4.12228425078237e-80
1.09,4.70860898679024e-81
1.092,5.30992454680503e-82
1.094,5.91187309945309e-83
1.096,6.49834683515088e-84
1.098,7.05215260663621e-85
1.1,7.5558190197111e-86
1.102,7.99249591207713e-87
1.104,8.3468830644184e-88
1.106,8.60611740431356e-89
1.108,8.76054720624785e-90
1.11,8.80432838470513e-91
1.112,8.7357915305106e-92
1.114,8.5575475543643e-93
1.116,8.27632261765281e-94
1.118,7.90253689943945e-95
1.12,7.44966397560228e-96
1.122,6.9334257024736e-97
1.124,6.37088959332331e-98
1.126,5.77954064539253e-99
1.128,5.17639723289949e-100
1.13,4.57723174270514e-101
1.132,3.99594255633933e-102
1.134,3.44410673748668e-103
1.136,2.93072452723562e-104
1.138,2.46214953808154e-105
1.14,2.04218406932839e-106
1.142,1.67230840493082e-107
1.144,1.35200684889241e-108
1.146,1.07915155627383e-109
1.148,8.50407382609163e-111
1.15,6.61626105671024e-112
1.152,5.08205398855427e-113
1.154,3.85395772697437e-114
1.156,2.88546392901284e-115
1.158,2.13287489856926e-116
1.16,1.55652516788055e-117
1.162,1.12147072734723e-118
1.164,7.97738895489321e-120
1.166,5.60240658237814e-121
1.168,3.88444977321642e-122
1.17,2.65904341120655e-123
1.172,1.79705916443224e-124
1.174,1.19905845052895e-125
1.176,7.89876809714954e-127
1.178,5.13711636337216e-128
1.18,3.29853026899316e-129
1.182,2.09104112782246e-130
1.184,1.30871688775789e-131
1.186,8.08667275884304e-133
1.188,4.93327200794252e-134
1.19,2.97126430512935e-135
1.192,1.766804675754e-136
1.194,1.0372341923822e-137
1.196,6.01182237376582e-139
1.198,3.44014292733631e-140
1.2,1.94351485004929e-141
1.202,1.08402742786362e-142
1.204,5.96944161463206e-144
1.206,3.24539959436838e-145
1.208,1.7419820552284e-146
1.21,9.23124349955232e-148
1.212,4.82967344724544e-149
1.214,2.49468869308183e-150
1.216,1.27220172617086e-151
1.218,6.40525808020127e-153
1.22,3.18389191490822e-154
1.222,1.56250361164276e-155
1.224,7.57050366865662e-157
1.226,3.62134206405626e-158
1.228,1.71023328648291e-159
1.23,7.97410942860835e-161
1.232,3.67070985753789e-162
1.234,1.66824163412738e-163
1.236,7.48529436199105e-165
1.238,3.3158879202272e-166
1.24,1.45021312734262e-167
1.242,6.2618816060936e-169
1.244,2.66943226127438e-170
1.246,1.12350544910877e-171
1.248,4.67617873310739e-173
1.25,3.83033919342801e-174
1.252,4.67617873310739e-173
1.254,1.12350544910877e-171
1.256,2.66943226127438e-170
1.258,6.2618816060936e-169
1.26,1.45021312734262e-167
1.262,3.3158879202272e-166
1.264,7.48529436199105e-165
1.266,1.66824163412738e-163
1.268,3.67070985753789e-162
1.27,7.97410942860835e-161
1.272,1.71023328648291e-159
1.274,3.62134206405626e-158
1.276,7.57050366865662e-157
1.278,1.56250361164276e-155
1.28,3.18389191490822e-154
1.282,6.40525808020127e-153
1.284,1.27220172617086e-151
1.286,2.49468869308183e-150
1.288,4.82967344724544e-149
1.29,9.23124349955232e-148
1.292,1.7419820552284e-146
1.294,3.24539959436838e-145
1.296,5.96944161463206e-144
1.298,1.08402742786362e-142
1.3,1.94351485004929e-141
1.302,3.44014292733631e-140
1.304,6.01182237376582e-139
1.306,1.0372341923822e-137
1.308,1.766804675754e-136
1.31,2.97126430512935e-135
1.312,4.93327200794252e-134
1.314,8.08667275884304e-133
1.316,1.30871688775789e-131
1.318,2.09104112782246e-130
1.32,3.29853026899316e-129
1.322,5.13711636337216e-128
1.324,7.89876809714954e-127
1.326,1.19905845052895e-125
1.328,1.79705916443224e-124
1.33,2.65904341120655e-123
1.332,3.88444977321642e-122
1.334,5.60240658237814e-121
1.336,7.97738895489321e-120
1.338,1.12147072734723e-118
1.34,1.55652516788055e-117
1.342,2.13287489856926e-116
1.344,2.88546392901284e-115
1.346,3.85395772697437e-114
1.348,5.08205398855427e-113
1.35,6.61626105671024e-112
1.352,8.50407382608945e-111
1.354,1.07915155627383e-109
1.356,1.35200684889241e-108
1.358,1.67230840493082e-107
1.36,2.04218406932839e-106
1.362,2.46214953808154e-105
1.364,2.93072452723562e-104
1.366,3.44410673748668e-103
1.368,3.99594255633933e-102
1.37,4.57723174270514e-101
1.372,5.17639723289949e-100
1.374,5.77954064539253e-99
1.376,6.37088959332331e-98
1.378,6.9334257024736e-97
1.38,7.44966397560228e-96
1.382,7.90253689944147e-95
1.384,8.27632261765281e-94
1.386,8.55754755436649e-93
1.388,8.7357915305106e-92
1.39,8.80432838470739e-91
1.392,8.76054720624785e-90
1.394,8.60611740431576e-89
1.396,8.3468830644184e-88
1.398,7.99249591207917e-87
1.4,7.5558190197111e-86
1.402,7.05215260663781e-85
1.404,6.49834683515088e-84
1.406,5.91187309945461e-83
1.408,5.30992454680503e-82
1.41,4.70860898679145e-81
1.412,4.12228425078237e-80
1.414,3.56306933632e-79
1.416,3.04054645298449e-78
1.418,2.56165148171266e-77
1.42,2.1307351639103e-76
1.422,1.74976584224843e-75
1.424,1.41863746823663e-74
1.426,1.13554395151563e-73
1.428,8.97382304354162e-73
1.43,7.00151598974663e-72
1.432,5.39321457136415e-71
1.434,4.10151537705466e-70
1.436,3.07951284290947e-69
1.438,2.2827624800127e-68
1.44,1.67063071804121e-67
1.442,1.20709438564854e-66
1.444,8.61079059932616e-66
1.446,6.06437231842788e-65
1.448,4.21667098923058e-64
1.45,2.89464031164814e-63
1.452,1.96182618330449e-62
1.454,1.31270602243136e-61
1.456,8.67192392902457e-61
1.458,5.65593581069417e-60
1.46,3.6419544947444e-59
1.462,2.31529102795115e-58
1.464,1.45317424850061e-57
1.466,9.00473275386977e-57
1.468,5.50890133015395e-56
1.47,3.32736305418291e-55
1.472,1.98415875177748e-54
1.474,1.16813671571787e-53
1.476,6.78972152821322e-53
1.478,3.89629006764723e-52
1.48,2.20745383989237e-51
1.482,1.23473287322709e-50
1.484,6.81860325596283e-50
1.486,3.71756750058395e-49
1.488,2.00107485503337e-48
1.49,1.06342982733361e-47
1.492,5.57950113864506e-47
1.494,2.89016697631261e-46
1.496,1.47805817848554e-45
1.498,7.46278884921452e-45
1.5,3.72007597602084e-44
1.502,1.83081092798007e-43
1.504,8.89561980407778e-43
1.506,4.26726840933009e-42
1.508,2.02099267254309e-41
1.51,9.44975497649122e-41
1.512,4.3623186643866e-40
1.514,1.98817797081014e-39
1.516,8.94610844189662e-39
1.518,3.97423999569227e-38
1.52,1.74307089664532e-37
1.522,7.54774196299833e-37
1.524,3.22671098577103e-36
1.526,1.36189655603006e-35
1.528,5.6750436489999e-35
1.53,2.33472278348731e-34
1.532,9.48292830780459e-34
1.534,3.80268755781304e-33
1.536,1.50549684879584e-32
1.538,5.88450706419291e-32
1.54,2.27081292202646e-31
1.542,8.65154469809775e-31
1.544,3.25422056692895e-30
1.546,1.2084852269826e-29
1.548,4.43074480217609e-29
1.55,1.60381089054868e-28
1.552,5.73153053327421e-28
1.554,2.02222322138778e-27
1.556,7.04415018112711e-27
1.558,2.42252992547858e-26
1.56,8.22528065160692e-26
1.562,2.75723212934751e-25
1.564,9.12508600702175e-25
1.566,2.98154681670377e-24
1.568,9.61805664058472e-24
1.57,3.06319086457756e-23
1.572,9.6316749283426e-23
1.574,2.98999598881737e-22
1.576,9.1639017741561e-22
1.578,2.77288127998838e-21
1.58,8.28367700768321e-21
1.582,2.44318339704308e-20
1.584,7.11426454864602e-20
1.586,2.04524332324139e-19
1.588,5.80498346585715e-19
1.59,1.62666462145313e-18
1.592,4.50024425365329e-18
1.594,1.22917914019146e-17
1.596,3.31463191375723e-17
1.598,8.82462916434195e-17
1.6,2.31952283024367e-16
1.602,6.01924290368685e-16
1.604,1.54214822380821e-15
1.606,3.90077946080441e-15
1.608,9.74131768960092e-15
1.61,2.40173478162082e-14
1.612,5.84619663484764e-14
1.614,1.40495631380144e-13
1.616,3.33344468384881e-13
1.618,7.80844787825516e-13
1.62,1.80583143751329e-12
1.622,4.12316517977472e-12
1.624,9.29448409306735e-12
1.626,2.06852547583418e-11
1.628,4.54503770231807e-11
1.63,9.8595055759911e-11
1.632,2.1116105072911e-10
1.634,4.46491836095375e-10
1.636,9.32082300392038e-10
1.638,1.92103833040268e-09
1.64,3.90893843426503e-09
1.642,7.85276608266765e-09
1.644,1.55749808781627e-08
1.646,3.04981442331161e-08
1.648,5.89603884925743e-08
1.65,1.12535174719256e-07
1.652,2.1205927548739e-07
1.654,3.94518422262676e-07
1.656,7.24633374747165e-07
1.658,1.31404551499127e-06
1.66,2.35257520000987e-06
1.662,4.15831755246657e-06
1.664,7.25659389272242e-06
1.666,1.25022741275411e-05
1.668,2.12660213667141e-05
1.67,3.57128496416346e-05
1.672,5.92111908091898e-05
1.674,9.69223902720586e-05
1.676,0.000156633793918032
1.678,0.000249912425367718
1.68,0.000393669040655092
1.682,0.000612231548368355
1.684,0.00094002884218072
1.686,0.00142497643819245
1.688,0.00213262854798555
1.69,0.00315111159844441
1.692,0.00459677641727802
1.694,0.00662039660967999
1.696,0.00941359836970192
1.698,0.0132150360892347
1.7,0.0183156388887347
1.702,0.0250620632625586
1.704,0.0338573218570229
1.706,0.0451574503248606
1.708,0.0594630599743029
1.71,0.0773047404432994
1.712,0.0992215549988628
1.714,0.125732329594427
1.716,0.157300073760803
1.718,0.194290658785488
1.72,0.236927758682121
1.722,0.285246945057305
1.724,0.339052607254442
1.726,0.397881920451204
1.728,0.460980286210833
1.73,0.527292424043048
1.732,0.595472542239269
1.734,0.663915763335473
1.736,0.730811294220003
1.738,0.794215852616546
1.74,0.852143788966211
1.742,0.902668412080942
1.744,0.944027482917836
1.746,0.974724901601794
1.748,0.993620436379149
1.75,1
1.752,0.993620436379149
1.754,0.974724901601794
1.756,0.944027482917836
1.758,0.902668412080942
1.76,0.852143788966211
1.762,0.794215852616546
1.764,0.730811294220003
1.766,0.663915763335473
1.768,0.595472542239269
1.77,0.527292424043048
1.772,0.460980286210833
1.774,0.397881920451204
1.776,0.339052607254442
1.778,0.285246945057305
1.78,0.236927758682121
1.782,0.194290658785488
1.784,0.157300073760803
1.786,0.125732329594427
1.788,0.0992215549988628
1.79,0.0773047404432994
1.792,0.0594630599743029
1.794,0.0451574503248606
1.796,0.0338573218570229
1.798,0.0250620632625586
1.8,0.0183156388887341
1.802,0.0132150360892347
1.804,0.00941359836970156
1.806,0.00662039660967999
1.808,0.00459677641727783
1.81,0.00315111159844441
1.812,0.00213262854798546
1.814,0.00142497643819245
1.816,0.000940028842180675
1.818,0.000612231548368355
1.82,0.000393669040655073
1.822,0.000249912425367718
1.824,0.000156633793918023
1.826,9.69223902720586e-05
1.828,5.92111908091865e-05
1.83,3.57128496416346e-05
1.832,2.12660213667129e-05
1.834,1.25022741275411e-05
1.836,7.25659389272242e-06
1.838,4.15831755246657e-06
1.84,2.35257520000987e-06
1.842,1.31404551499127e-06
1.844,7.24633374747165e-07
1.846,3.94518422262676e-07
1.848,2.1205927548739e-07
1.85,1.12535174719256e-07
1.852,5.89603884925743e-08
1.854,3.04981442331161e-08
1.856,1.55749808781627e-08
1.858,7.85276608266765e-09
1.86,3.90893843426503e-09
1.862,1.92103833040268e-09
1.864,9.32082300392038e-10
1.866,4.46491836095375e-10
1.868,2.1116105072911e-10
1.87,9.8595055759911e-11
1.872,4.54503770231807e-11
1.874,2.06852547583418e-11
1.876,9.29448409306735e-12
1.878,4.12316517977472e-12
1.88,1.80583143751329e-12
1.882,7.80844787825516e-13
1.884,3.33344468384881e-13
1.886,1.40495631380144e-13
1.888,5.84619663484764e-14
1.89,2.40173478162082e-14
1.892,9.74131768960092e-15
1.894,3.90077946080441e-15
1.896,1.54214822380821e-15
1.898,6.01924290368685e-16
1.9,2.31952283024367e-16
1.902,8.82462916434195e-17
1.904,3.31463191375723e-17
1.906,1.22917914019146e-17
1.908,4.50024425365329e-18
1.91,1.62666462145313e-18
1.912,5.80498346585715e-19
1.914,2.04524332324139e-19
1.916,7.11426454864602e-20
1.918,2.44318339704308e-20
1.92,8.28367700768321e-21
1.922,2.77288127998838e-21
1.924,9.1639017741561e-22
1.926,2.98999598881698e-22
1.928,9.6316749283426e-23
1.93,3.06319086457717e-23
1.932,9.61805664058472e-24
1.934,2.98154681670339e-24
1.936,9.12508600702175e-25
1.938,2.75723212934713e-25
1.94,8.22528065160692e-26
1.942,2.42252992547825e-26
1.944,7.04415018112711e-27
1.946,2.02222322138749e-27
1.948,5.73153053327421e-28
1.95,1.60381089054846e-28
1.952,4.43074480217609e-29
1.954,1.20848522698243e-29
1.956,3.25422056692895e-30
1.958,8.65154469809652e-31
1.96,2.27081292202646e-31
1.962,5.88450706419291e-32
1.964,1.50549684879584e-32
1.966,3.80268755781304e-33
1.968,9.48292830780459e-34
1.97,2.33472278348731e-34
1.972,5.6750436489999e-35
1.974,1.36189655603006e-35
1.976,3.22671098577103e-36
1.978,7.54774196299833e-37
1.98,1.74307089664532e-37
1.982,3.97423999569227e-38
1.984,8.94610844189662e-39
1.986,1.98817797081014e-39
1.988,4.3623186643866e-40
1.99,9.44975497649122e-41
1.992,2.02099267254309e-41
1.994,4.26726840933009e-42
1.996,8.89561980407778e-43
1.998,1.83081092798007e-43
2,3.72007597602084e-44
